z1 = -1.0000000000
z2 = -1.0000000000
